3168994400
3906445996
318306960
2531722146
3019118290
947391012
2712361864
3026875556
3031467115
3253167641
984074077
244543231
1776145908
1519730967
991867307
4257963972
1606219134
2322760166
1057780275
3321227280
2918502885
3749771155
4108399491
367849053
3138475555
3382617947
2656609824
2039934879
2606053871
1450554952
4025679194
2592827141
1674218199
667548232
3844865272
2953587595
964940341
3209648136
1401644092
2341512480
4160587268
400218193
2225830024
2018722060
218670654
4177902644
3491331278
3868175909
2283174326
1850831066
584001371
1883805732
2840161252
1567758577
3022396040
1815461112
4054831583
502063336
1734726684
2028505654
460613074
1755599254
2815055043
2130630569
2110273365
3181708980
588282876
1960821193
3116819226
3425290448
1647786131
2732540720
3110852684
2513986145
3752740286
2293332566
1021672812
1164684124
2329808683
1404149557
3946935114
3574492806
1179146866
3185338299
2160808511
918507436
1099481248
559570631
3579288656
330643875
3064956117
2500202298
3203335330
2226821561
2831151419
1919014800
798280763
1723003242
482924737
2847741546
3311750244
202714169
2074661422
2043013509
4003302007
723085820
753831748
3737643640
377022086
1527297231
2966977510
861542583
3104174527
1864371468
2424175234
3650687258
3721992209
1645232684
3822188653
627970049
694566500
4261355310
259213694
430731661
553858877
1922410701
104684084
3397631014
2700119999
2684641958
1541392329
2523690470
1266158620
674538112
2326799877
2128478501
1235299293
144060735
4237139206
4221052912
1122142625
549809177
539829170
1511529837
4190840949
3618943631
3805527757
493978242
1118039055
3897941717
3380619068
3798405889
711491469
1820931816
2157385401
3635741987
2369053725
114185265
953573753
1645479187
282590697
3988007482
1807897522
2430809435
514444702
502862585
1529660324
269652827
3499542279
1961659871
1810118337
1302930759
4100369566
2305504554
3850593770
1053221883
1498063312
716967651
955645904
4115165171
4086063977
974905339
4075830234
4158501349
2413659011
594012562
4046561243
3919858973
2335758380
1075146552
2367635229
1963306153
3423352963
2181168993
2655275674
779317011
1315296565
946974933
3521213043
1460208819
3759542150
2484398110
4277448252
3926060039
3424394450
2032793006
1254731726
3818794599
341781953
3451407660
3545954937
35534946
3290036900
3440289620
2816366906
1288049709
1958263316
3016852414
3739643227
2951403348
3210672127
79484589
3644997443
812232445
997502984
4053353966
1150266432
4064121710
2214963554
603073783
1799305202
1957362508
2781031830
1429876348
5146156
560938367
508471711
1674171644
3948304852
517563945
2955894679
374598658
1073765282
4282980487
329426155
1290304640
363509542
978654788
176278692
2371370708
465406566
3582281532
3351057942
1189380938
1318087158
2993312027
1802590480
3927296968
2483189792
893483857
4235984437
3724315834
3235922132
969692552
216360123
848349919
2358444097
2764594227
3026302064
1600771055
3520366147
1545605007
906617699
3320850461
1794501369
3001759678
3561188977
3064443254
1992513459
2938629029
2266448155
3203267582
1931786432
310580911
164652230
4147723532
294090867
4106092693
3006021277
1551162003
1299630037
2982434299
3534337651
343146283
305883368
1131601372
3553990180
3818742121
1658228965
4004345818
1732207594
3558248669
723860435
3384225018
3394724303
1362827875
1287610870
126010076
3883688527
2369429682
1661650049
496267817
1676224133
1034558393
1686383545
3163120792
2126806114
940738163
2180542567
3106315569
1018729413
1710866591
3802674787
3103498916
890720524
213441457
455920409
1300358400
1248151029
1255135161
1629482604
2605039596
1559844422
3466992564
3113054171
2244800757
3991406744
3893185595
504429388
3746967300
1319682498
165745602
1823003259
2936254045
3087138043
3836286769
537543425
686884967
3680049025
2901175442
4035924205
1272241514
2899213355
3547566003
2899961304
3949065880
4275588743
903279914
124168486
4001437305
3003108924
2304538236
3861468428
1505103277
1463938776
541300132
767404592
1950771594
1420026097
1136030352
2369149080
2948031462
3792706758
786861810
2295203816
2004128722
677232180
928261885
2389249895
2981449071
3163488675
774351245
2345185420
2839689692
3641343084
723324019
2662617729
2092219892
1675367077
2523388908
1675906622
3996604385
3473903247
1145345339
1915921817
675565065
113075783
1197113288
3009134644
3970128631
3084285045
928384887
1837271004
1571091859
372017618
1605570614
3693577216
1004101384
2641691031
4250717060
880576486
2275679145
2860176353
4081060634
2186503918
1629887419
3937755589
34590959
374661788
2221261503
622517343
1145438229
1549372446
3867804083
1457476883
4090052483
3934258937
2677644780
1313932388
607587345
73257385
2240472942
1601401570
2952888797
1523987589
3027515038
3105783645
2452023073
2150869078
3351625276
1273269499
4274581073
444882162
2906662321
2724154928
3497593337
1062450347
558207176
3663736838
2845968473
57056286
1964173114
1669364547
1294882856
1385984292
2705085864
2624832249
2594736741
3941911757
760627840
1762995993
4223652896
440134224
1901030873
1013015898
1456975123
1788344546
1816858191
3043420156
316748950
917655112
975951617
3235325259
3831940150
2692675937
1449290800
1124595704
44275129
3155880664
3685977021
2187968312
3211069566
595276858
3804434605
3372319807
1905025145
2614322918
78455282
1180838429
602209860
1352721019
4107553003
1459246140
1298518113
3139477948
697581409
2417472167
2848183854
3445955759
2144091188
1357598940
1474783391
2154225958
1770611706
2003932207
2558530220
3945183732
2857664956
2069308445
2882995432
2861212206
3433659839
2280369925
549899867
1917341807
1562163907
606308385
3700349886
2549345455
2324142295
3225696667
4226223890
1711893765
4214440370
4105858955
3562528002
3788071432
3167491609
1564833966
2094321753
1783039280
584703306
2059070236
3930719308
1202274569
857268533
720908649
590985646
417203875
3399259100
1628666977
1764445983
790769966
1923617650
2744227270
1469442068
958516047
3192405282
2832418404
1109362038
3316569682
606587059
3253418486
521796549
2571792816
3504315132
757885842
2616339719
2745890545
3182833498
1210311061
3987385273
252341176
187475285
394107037
4072133788
784137235
4033855970
1499564518
92347470
2703144250
1035646600
2816754968
2303848686
3694057642
3272181731
3529731208
1710109905
3971364783
804336412
2458186589
1591557520
3054667233
3865387106
1208199121
2014519213
1848232643
3436567093
1348804739
3858903462
2521702594
2281264181
4230348433
2054048866
2563368761
1128602274
4167973447
4164432154
1680396951
2437800232
4112260135
4121942586
4233349621
2129912376
3695134609
2334701141
1577093997
39498610
1894147799
610857890
254755430
2361023051
1554980612
382566690
1199887624
791645658
3929703510
2628527975
3094979010
2952586470
3476642330
3764466462
1883024180
3930234068
