595052
727697
903047
719070
936316
394141
657468
724446
460176
992179
753770
105351
406270
114928
496916
759951
756387
364031
907575
612457
341658
598237
871039
951547
575449
131358
861223
915476
569392
989578
871832
391970
160022
149988
679186
705743
947040
266219
650840
203699
627339
997272
115620
893055
414066
954276
175632
493549
975784
117357
884511
604885
832545
811141
115789
256628
511178
671699
209877
290740
554574
269214
197929
749217
835440
280903
133671
580212
866243
655159
701033
101427
708274
717690
925109
560059
530856
183033
678736
807353
581961
529811
132177
641373
810800
132643
380437
601599
817591
774600
354315
505802
907436
535849
356815
745657
657121
317376
535384
292258
114371
936301
287138
514818
101560
838623
263776
659256
273576
964575
750230
545802
396274
131826
306348
868240
538856
740157
946223
629067
339209
577627
140483
747503
462116
530015
374897
521435
740880
450235
841256
223986
216683
109732
357509
506163
140094
937483
901809
297581
979043
939135
740562
253240
615264
451254
242522
377785
616828
955684
430847
843179
790057
382846
441198
305428
161406
212913
303015
493501
990112
681601
490028
306835
713683
705301
189685
867736
634460
367174
118663
707333
352712
967270
985810
396419
997180
905351
761804
731117
244965
214675
478448
883481
129747
852894
119496
750876
427381
940329
792811
505596
960306
806015
204609
189928
718729
390906
917869
284080
522637
798991
883101
551045
671532
680317
130998
185267
775774
817153
120439
574565
263888
899031
990390
523797
433737
760657
378529
556895
308740
141386
301475
494566
482207
687259
279179
492869
699091
182486
594300
848054
868357
721440
309126
658715
857722
340628
229191
124326
901404
883092
540305
385678
240909
252878
171354
492581
688863
468566
333556
296592
546898
972191
251951
728969
792631
482286
377218
463150
449350
962251
730063
624372
374873
719767
284760
560654
284949
170215
518997
825583
573614
887042
690311
404545
604228
846037
364458
294935
692017
820611
442307
337511
604057
108189
439724
698433
947988
402650
742767
480332
786893
477041
475056
829999
415687
783671
270400
785651
262123
759863
676099
807305
184607
612033
152814
157772
188148
822372
959114
593568
655470
488164
847850
590278
906383
783033
793256
400896
343400
111984
877705
458732
869126
609713
550962
438244
478809
942561
404287
853824
661653
115502
847501
660481
450897
939804
562339
109334
235216
969632
822723
357786
353859
847606
752296
882624
622794
119806
292555
743249
525397
705730
975224
314475
234211
335386
371709
989687
871369
199240
141070
259964
984462
519285
109944
694547
959197
151818
664976
486403
181702
291438
585025
730050
474611
822389
479202
846820
880465
980358
419598
191610
192155
596318
722241
923349
791272
432586
322674
425497
267048
968813
927570
410568
478313
368534
454654
587425
453708
327977
874611
867123
846834
685342
368972
806023
674781
472865
952137
859651
312511
691856
342121
287092
290756
864012
325717
138169
703544
494431
389848
969258
279485
567787
407680
584286
444894
179097
154282
125230
399243
426119
372720
557946
370884
888137
496781
396696
180464
842926
445952
325718
983242
769041
798834
806697
562883
681379
392827
903461
111383
939795
298138
254104
180180
760965
794645
569091
328302
241728
905336
612476
585822
514883
711545
418972
269296
335951
891941
850448
186549
330631
197303
792292
119489
123125
163590
336551
339734
446045
378913
234560
650252
305961
814422
221330
220876
611698
145436
558353
218372
961680
403725
359694
680729
721817
936474
354585
800252
304848
301722
499192
354070
635348
772773
994491
447271
684158
870768
798261
587077
208699
839937
622528
746070
443723
552090
154261
325647
152423
694263
584627
639877
602563
902056
281540
262165
106650
877132
604993
834215
507276
973506
910876
112744
642166
906303
709677
452020
637246
200625
438912
495200
988945
511603
464077
548729
937303
841728
211028
399850
216750
232517
829314
550203
582967
929030
700548
418215
575156
304023
556400
247740
717070
108608
839812
388181
514703
250894
422608
484991
728276
504403
314437
340966
556782
385679
436393
366941
370781
117656
392367
908609
375668
598066
865427
145550
453808
949674
743578
189747
693349
396989
811099
160687
798268
849808
528905
114359
901821
581009
641504
294659
951406
826936
890926
139726
294608
353776
389580
523823
975276
161834
236094
285651
283322
930226
574534
700467
365744
664374
496560
267809
601136
364714
365784
643330
899455
209560
310595
986093
937519
981236
681280
991313
700974
928017
114622
760441
520716
717599
165765
438821
584312
590863
827887
585869
246819
319049
254867
298101
711379
632440
429231
984814
301789
192236
181796
209219
628484
475812
820766
481795
622692
973043
250576
960617
628289
244415
999136
785550
878169
365512
548336
166413
114974
504576
250374
561202
936170
601641
577801
110799
891873
145975
426721
434757
569657
869668
678625
169855
380149
494840
230098
871034
518438
808760
742518
470279
414559
347547
539075
506518
943532
553966
762962
156930
511050
406309
691220
379713
296415
855714
216637
967270
725367
950768
591605
751770
284818
514002
405838
431615
142301
377624
848120
782768
916516
869013
305578
175706
311896
966562
171193
765299
995944
584273
223492
791509
151121
958824
641785
520559
865099
929748
427380
172723
463089
369538
347081
155254
310102
397177
724055
468183
746357
437263
275407
199717
345298
672682
600855
432238
402052
111164
772223
483685
129759
377056
874026
927569
881082
936990
905306
485094
299134
407609
926267
617588
144486
930761
107944
250940
981172
721064
138698
819153
316319
490463
104237
121550
755272
973994
542959
146560
573220
684132
530007
670253
470567
523575
810288
197632
851774
833512
684592
752966
903059
816939
172071
391907
789090
462277
410661
764378
288764
722299
628969
263227
517710
416241
627578
434541
664971
386201
394972
293811
572554
141590
810348
474468
101976
394419
921885
623216
544421
706175
318220
684406
485433
850536
844576
750147
395517
827536
294984
850401
706740
333015
808379
230682
345553
873620
121493
391465
514209
583740
319139
206608
679505
674978
746373
160957
195977
769678
880726
481357
683743
623583
803773
795233
797028
651738
425588
247301
381009
161332
137356
309682
459011
404342
674410
607393
777076
372275
597321
837083
365519
318477
404459
950808
177864
952884
101534
672805
273538
371899
292566
319330
565869
387409
672391
638549
463904
578650
648982
842090
326605
587699
726613
748122
644968
299086
323541
707497
327350
829259
297323
912805
377878
477961
150739
796856
155940
494361
199856
536036
716786
225784
262979
449600
851828
655053
157520
694067
659449
774007
428223
751385
198394
934629
558139
325810
836662
556557
477020
662528
810853
676170
919482
704650
783548
818403
960987
758376
598798
134442
780755
498200
523418
798960
289968
240074
116956
494519
780538
595647
957174
328261
460680
466935
250725
315334
284299
374404
556105
188936
100214
564789
928895
346846
103369
665794
336839
451169
852825
314198
556063
798315
835506
884667
499757
115847
991554
725191
298867
776551
360484
695851
667247
410894
740978
572843
919645
501095
336655
933804
448596
524227
985207
752413
157570
884014
843454
663564
697454
104110
937816
764748
173881
296765
922722
912314
617917
175369
325881
717266
258010
521872
620027
856653
918153
940088
154700
796811
724642
915751
927297
400794
906301
771887
882139
920028
814474
732463
659652
230870
995456
306726
507722
299823
533519
819239
107362
288320
164921
849841
492178
923212
155285
791533
442600
429733
208988
236924
125410
618329
763637
640708
149979
219209
458696
838491
231477
425888
215228
943807
531382
808287
226443
292339
144165
914816
927502
873789
293910
556373
293664
149125
264804
123365
134209
149842
753279
929861
594255
152835
729528
186422
770326
825065
152755
276255
470132
669127
995797
961086
150441
341082
812908
655648
825821
669748
607823
802423
239464
804273
773231
312280
935858
579814
495774
681373
584000
787997
916772
808532
961723
621479
285337
330186
880794
299783
257191
235318
771385
327206
217804
501861
693011
630985
975693
728064
490293
511251
459831
309509
535229
448007
679593
134468
791736
644530
145711
185623
863815
989605
495393
139491
498461
113069
751078
564544
252216
835574
937229
277459
337148
495515
200000
135662
867616
313790
228447
856679
337587
568831
676674
973865
726833
733442
221448
278929
488066
712951
324507
982357
974660
780386
563057
308578
226147
736521
581150
599391
153464
182620
604471
902711
617635
438346
913172
308941
348464
661328
763189
535150
712481
730798
743619
789861
897823
664696
257428
329459
908714
459895
781545
498422
383422
333550
599730
448193
812272
382078
456108
876446
757832
542409
199153
242845
433613
391480
682035
494881
936350
772617
145265
697473
745326
475936
919089
214892
746134
852121
718311
242443
315429
144363
411945
717239
394532
493596
772233
409875
556540
959862
202067
772975
116191
510698
290246
284381
772177
715030
547028
384944
832146
660668
530655
932637
831664
950884
564935
763389
606148
964426
429598
841461
484551
186690
555690
118975
394282
679893
754222
875202
320251
615935
211322
131214
126455
895192
391784
505087
814072
177835
581944
450355
339174
294237
212141
802995
625871
158058
757967
886538
283691
784599
715529
184571
608689
394444
919173
698747
454677
564714
428337
959755
943422
115413
800180
945641
267815
512872
432351
215756
836121
997479
251365
836332
858940
606465
145301
533859
665380
731058
763332
938913
427681
427637
717300
608500
630175
586459
266000
957727
135699
486670
452277
245430
241715
336491
713619
283907
510281
861311
527081
445262
819076
675929
505788
944719
307168
283049
276685
296226
264938
716990
588352
549535
399814
490669
612708
465052
160523
253306
832915
643151
856368
367730
779561
994332
455118
255538
247148
450567
443789
314079
845278
320603
800911
949953
312387
132375
407137
776938
596045
289951
941367
559138
226713
631479
379976
562072
462275
420018
111735
341983
559022
864980
829740
295537
534632
769121
812736
856399
326493
138322
443228
144856
431513
831313
568573
997674
793982
375701
649175
599707
247756
748098
651278
727735
158885
863726
447569
253897
638651
649426
525482
989929
296737
295730
724534
262673
769174
381248
656348
939661
872086
830871
927481
171568
949035
241607
839239
139254
403853
475033
996720
235813
578585
373548
396171
906790
136831
789772
834057
214377
337982
826233
239647
984438
704207
271396
663385
522768
444872
541600
701654
609267
240449
286789
870070
914408
112999
859981
980105
788912
781678
755502
995106
774337
302480
163811
933896
658699
800351
225672
430112
707999
885733
227685
703173
453424
520534
407821
149402
125441
432261
696304
741383
710778
200605
879855
932047
107541
233953
168318
885087
342106
596542
662352
284878
441269
563155
805993
612079
321028
232057
701409
365229
919318
513710
823071
323776
663247
969574
220598
393807
186044
958702
295448
124072
609982
484780
386689
864776
191764
474263
769272
550826
945748
387293
283960
522548
516897
667478
165233
119511
904747
519544
790110
128788
944590
425586
752313
237906
859210
809535
756649
797585
455225
835971
788468
139617
276236
319100
655595
134900
431376
326208
270487
172389
733264
598935
540529
774604
279813
622462
480896
545752
897464
232140
895254
717269
490338
497526
927295
540115
562668
684588
852938
870096
288880
834058
579660
512606
308991
895724
460003
225738
262500
661963
553859
756436
221878
135187
544170
994154
725614
928592
446689
139044
779508
888992
300408
830566
568378
320950
233723
669037
231910
664911
370239
701196
136927
814830
510217
513434
112875
346686
983456
155280
101863
778024
878137
808383
200379
463288
916403
117680
282448
983952
538276
404891
693932
295243
764055
642802
288036
172865
429473
339471
888114
119183
775754
722889
175954
367033
381626
742411
639851
444062
673403
657109
117683
149041
225382
820402
201333
278916
818672
682280
762458
412816
839152
231265
221982
885902
262978
179070
921597
755298
431433
243251
329684
294946
265473
466700
909102
715976
721389
773868
559986
510200
943721
624354
386273
878668
809391
856990
702586
697573
272583
568490
339156
673784
261188
825302
601858
390379
384733
900518
120890
996222
624244
893212
117907
949199
188441
855223
897724
135216
412887
551156
382658
551593
122861
864030
106186
152619
447110
322155
950553
878695
879575
750412
645558
142156
322302
181881
679681
658616
626131
104708
724925
688555
846310
277640
703192
450010
170507
296973
392374
726742
936023
993297
449908
408604
890979
470056
442610
326971
281646
983617
315811
383838
399639
805968
820704
201874
139712
452112
463249
232417
320327
922279
696076
449517
289636
848162
494066
255419
752335
171595
789905
290264
213245
686886
410152
928755
499168
125180
158816
617348
991776
908398
960844
965487
628664
425647
324137
844845
519178
308902
216470
446892
386562
333563
690664
339071
659682
644231
791168
833224
580854
735998
561169
300744
580310
694986
306063
619011
550906
853572
785708
569484
916968
335477
934611
941616
324241
801299
176199
541222
498482
653003
201742
712971
686383
510018
605195
783800
305285
843078
928392
769210
401430
439383
465812
377207
351872
714050
379524
880685
509208
531061
959430
841360
717104
199445
464168
212125
513566
113223
888911
424973
382712
720524
718499
915983
884319
790352
920378
631798
764905
631760
926473
831130
346470
560642
264928
941932
179892
678307
610282
536948
245225
489101
682116
551188
791207
550750
225796
342580
618534
113339
539519
547800
346463
484433
738907
734361
101039
744823
757148
695762
862546
946717
282632
506438
633577
118445
465995
875973
531694
631826
136735
909950
120911
818357
798576
305318
654147
501698
185934
730208
348951
310863
473202
719833
173847
366538
930303
467123
945967
539354
661360
971598
884696
366793
690116
320621
537625
677313
429091
631624
310985
419679
320132
478467
496490
338694
581151
331674
826839
871681
358136
454919
523992
958472
658006
555963
610961
250692
808611
896222
883284
620526
676275
314718
830075
451102
886164
779013
887226
623896
553355
975162
682193
618342
553761
935537
338326
244176
577901
110411
996917
758054
638454
690770
538195
520493
971765
784609
434127
103084
418646
466167
934294
126110
876294
848162
631890
886155
525454
872280
294229
630169
963729
874435
245740
186534
258945
323048
135564
852582
481489
105025
628017
474937
260647
914069
175750
976312
503035
794370
406867
838097
925202
984923
786132
610522
907958
399334
126238
750592
427570
440391
115478
496982
969507
911025
564282
520613
223780
366635
854640
172525
385633
221632
606819
345170
620043
140973
939427
887681
616694
516093
997947
982723
536898
182213
112493
586804
512464
571937
431954
427128
785340
144646
184972
422666
940593
917232
398033
562332
443026
546642
262570
142017
330737
130747
453426
785671
266258
953372
597969
752637
163716
268484
135656
132501
974638
856575
714455
594589
846684
664299
307452
795219
412666
451069
542511
414873
754413
806615
896734
970635
558797
717719
582698
520544
634396
733367
224560
102584
555071
153466
921379
374264
922684
726101
915978
757171
474284
522694
691642
349997
820179
269905
442675
969410
670618
489300
560992
963640
715445
389618
240412
564583
595831
158488
330513
339223
231101
971993
383621
754872
473448
587602
705854
728601
510811
336462
984776
773374
758607
415881
253042
279524
650079
955945
464237
638030
872598
602545
607066
138223
731613
337060
651319
980601
339677
204313
260413
947783
698888
145477
128745
219435
559845
956356
174181
841988
985372
484708
829863
139401
740419
991141
796790
562457
537420
415698
277657
260980
819137
828663
136169
528489
836427
497605
334189
550428
253033
357377
534353
551518
522783
416952
619990
135467
721041
609514
947788
734408
508040
363180
659809
333634
587468
807091
262226
191471
643026
471261
501764
729155
230658
362274
109177
838279
436477
377633
210206
433514
474126
458391
834153
403945
260200
817845
880515
736915
735153
584604
525752
712003
564642
383206
542256
249902
926500
573278
124935
578802
789559
162750
617637
859516
640538
769121
405097
641632
220062
558722
240846
428596
978689
992692
777116
524707
902552
242032
865839
382270
405862
929713
617774
684352
582313
970487
959385
941776
522206
746296
350275
805981
656328
819193
445387
460032
796013
898749
281328
563834
932168
203016
208839
730985
680188
467979
739463
728750
846014
759025
742598
916456
848500
473358
959291
267414
343884
300032
664737
808728
670893
939108
702421
817587
143150
959207
761486
317052
425261
734927
250269
680682
657099
270805
541932
420218
673965
841174
625457
687633
141331
675170
830287
239669
454587
802784
679879
603437
829365
319275
251507
862062
740956
737345
509541
215216
890832
960764
402173
358727
828121
226517
222973
251904
808773
639867
617123
157975
200253
951293
546192
673531
128036
133812
521941
266393
468707
860468
760772
890705
366370
441156
373712
358992
308423
616708
954200
281913
956236
371176
241849
707801
594557
829292
740126
754576
990028
439072
482263
331651
975806
201585
986342
433334
712938
452400
809910
702110
521066
512944
406231
364595
348562
378893
545582
564897
656417
810994
355039
284971
108866
175357
158650
746172
910752
995202
902110
732360
984912
758875
819100
107566
560442
206833
723055
929057
119795
692245
969541
432238
535014
550824
301897
382691
896565
208021
409956
141961
317762
102817
573369
408611
116266
824105
285592
242551
606242
806240
221942
358705
851116
197221
921343
827168
604685
793214
662790
637817
975614
227119
811199
263767
288312
579060
565685
921620
354815
535534
697557
516177
427747
251828
102202
709415
656898
683290
935455
460960
559292
387821
517592
130002
999960
509252
897658
654497
845130
292922
524328
939924
481012
437772
848779
804182
339093
279922
544332
611918
269470
779426
368977
316501
398013
672483
545181
353073
885986
161462
885829
114021
960103
863508
991542
969756
198062
911707
595808
141377
665238
626390
547635
354638
509806
495936
972918
596090
615007
589925
359238
719686
582830
284618
905045
442336
562492
508622
603844
584266
123680
761154
179942
375957
795263
995588
752294
474756
487675
113341
257422
190568
585982
234483
446447
262255
769218
359178
446170
458059
753851
175021
607526
868439
680055
794212
883240
312016
405511
560584
947007
660225
177707
526879
144847
349073
118272
419731
713392
139347
734234
275406
704317
250454
352478
642733
286233
978234
835959
230945
958386
935512
209330
900241
132985
376640
661223
987181
665094
431820
160208
643984
855378
505723
164095
778522
723359
464569
560924
419168
906904
395191
559483
833294
289153
653508
784757
459920
593946
193236
926851
739451
516212
948326
336117
221494
270595
413889
427055
700774
346648
513668
191752
377363
790014
243466
123472
559353
747494
188400
240717
398202
617137
755981
241087
461995
900333
513969
779076
633577
278731
599343
895606
813633
854594
103981
653397
164403
690462
187469
222114
833714
113005
374132
532242
391022
383372
841050
667742
858113
705618
781353
333251
960552
645519
222425
873996
900030
663034
330048
139862
660165
914964
639717
916531
395581
951040
349914
633878
718274
298619
440389
789383
869557
654070
515262
447644
816198
890707
979983
899301
394407
151800
957174
532103
885313
542461
439911
410230
924308
805333
538715
376306
708954
472031
302462
171667
610849
363032
490946
280512
120436
173894
693841
444219
729363
695470
841118
959662
837367
175351
131344
730838
832929
419865
457898
265620
218407
179637
845007
973416
272788
301526
881378
576572
229889
449857
835253
899999
908395
239289
523963
122877
844188
746791
972393
442942
852584
535497
558058
306604
719867
639987
435849
630930
811542
137376
300829
396980
215171
430435
374506
323203
811963
733482
974401
489433
369659
632973
258015
368537
101066
117165
964327
713188
264520
708884
787286
202346
998561
227934
900509
484716
921600
811946
464674
847797
555093
909152
850625
335272
638768
126908
722849
670843
246078
242955
491539
490525
894104
469354
533401
484587
274163
302481
763269
965524
230100
798433
335928
480531
416968
981298
945526
347931
954585
143957
977995
807638
982181
202296
166521
775679
883089
830853
507236
915299
816608
918483
769921
781373
758867
648677
554612
338000
307323
732865
697381
701503
773294
628232
687827
280288
702668
541443
772052
455009
663955
786087
861758
591936
236639
361946
199612
731445
474253
139423
463132
352172
777265
519064
664700
354957
383836
293930
707587
704233
869254
995525
789167
814304
273259
280159
391556
733136
211174
506084
287431
880388
215318
674513
255540
170994
389612
548337
687272
615064
799387
254173
805730
168871
366530
620812
258681
504363
228925
408641
336468
763873
415980
965569
622630
717882
689014
179820
839647
903373
617068
171866
374108
356641
604145
445171
487404
205721
833452
169581
154127
272313
374045
456807
367674
929473
142434
557455
325646
615298
932055
280426
787491
133456
283372
905910
615575
666922
446229
835433
643837
430273
579795
551281
703277
715091
787867
676713
526579
393468
732251
430321
427998
388248
172721
591965
192536
836068
539432
221360
358403
219685
668393
772277
167809
260394
799444
517331
353018
178682
576863
120438
134319
134492
494233
580261
379608
577045
262455
339222
205298
644261
577296
250198
692452
433566
762388
702750
631719
146490
225592
325576
711610
804766
849657
251550
103483
749628
703306
946082
213187
524975
136692
498613
249484
918737
558687
816023
480097
150226
402568
328490
138314
912335
273697
726908
935602
905362
150748
756900
298727
677300
749557
920535
865394
578877
685210
690145
938413
173559
919688
736115
262678
673085
453982
566142
343902
123550
457103
739956
810770
418633
699497
606341
368269
842812
126090
628184
528194
125545
976516
723194
472980
378520
309034
980231
546330
572869
354279
134640
223578
798592
618257
264974
861457
752354
247705
662680
479641
343433
772649
191886
695960
574213
859815
877573
330763
337356
249346
728860
579592
136155
116062
640181
179966
451675
541278
233356
366281
343868
389756
479995
895109
123487
315167
596327
828218
559740
704881
684755
314587
982128
922081
512962
534471
291940
599487
228254
266635
106212
179273
959457
242519
563874
561317
637263
359077
628223
885339
881513
341012
974159
506223
376917
153434
575188
724530
106639
995843
545879
628825
395405
113730
801247
166749
822759
351710
822561
798253
922725
203149
453840
505710
136842
459508
202687
552749
149015
285729
694173
318341
981997
604732
142914
722836
924195
993339
496745
178933
275325
883923
947830
652993
693036
143500
748870
878411
250658
360836
714189
913037
108955
958799
505826
766852
247820
538053
378425
616708
924391
410688
227158
538910
835998
431874
483170
576206
621801
302494
152745
963416
136037
352089
542473
325527
147144
821206
422835
498087
745885
505737
586582
104066
411724
491927
818358
600229
281815
497245
940957
801048
449928
403493
483856
517918
147337
796372
121260
216645
342898
383835
874378
398744
444906
968183
536400
807461
147597
259438
391705
153398
641729
304404
581993
167630
121669
897841
115690
945034
633914
537714
315579
384126
168550
170854
283081
713877
552765
864884
926542
555787
286311
123265
980129
543517
117633
274659
595446
878736
560090
865435
399051
750261
766327
228446
815683
137219
669639
112597
161266
814050
673035
234681
624943
213533
330519
479507
410952
926180
631216
272489
687915
345571
215054
432790
448383
175207
295857
421250
168317
115509
974322
785067
666755
737290
942239
266860
577829
153484
987100
860985
857678
183128
951910
330065
238733
903397
498428
985183
763062
537943
308213
644054
546487
249283
342409
834479
630244
123483
609390
293318
102147
763526
291340
451863
183697
178290
970967
391034
871406
333284
186582
969981
474110
349400
788729
728278
779518
359859
675617
492022
634418
725177
761307
614713
315603
395895
912192
517957
283661
112956
162343
732304
416700
984756
645817
717962
938597
715890
589158
228912
388600
880346
330046
281403
476186
251916
614644
398444
527601
896583
861793
788342
266360
177941
708945
543469
707808
230645
334350
751427
864302
799322
234746
742095
774131
455767
838329
697744
477136
402440
306808
470113
923334
436092
599569
765518
335927
454697
695881
688764
805918
214182
973747
587674
652786
542103
859572
850371
930535
719537
645014
490492
281798
260981
789008
333429
114156
875121
550421
282539
455775
960520
684413
537542
220015
216073
639006
826451
863057
653376
894023
374388
203052
216910
811101
564158
557611
218523
883871
424492
309658
304776
110088
663562
314794
953248
842452
251087
999652
651316
845323
992111
310668
587144
909324
944593
956254
884707
443111
763800
572365
857236
726696
760630
717558
884134
184023
337290
900662
831721
249101
660239
377351
378876
597760
317130
352217
415738
261442
384376
711700
452003
253358
949699
883282
361240
389278
697303
201670
684685
602047
707400
774278
922078
694827
867275
973014
414971
134954
755779
160257
121083
733783
965056
843042
765465
342327
637391
681280
946536
986191
964982
215169
676635
421698
523442
220942
770780
712382
884968
244839
797505
923100
370655
401424
380063
247603
857639
568382
788095
633859
500644
339363
529190
483148
560690
262610
761870
853429
621385
876797
809412
304303
764121
488003
126697
363305
689831
470336
169156
924265
523793
313270
131000
862746
180609
849694
882475
987292
122276
949512
259319
105697
414819
887927
286351
783619
387349
629178
885720
925167
410500
745825
857105
787292
547775
644078
299070
127094
127804
361375
325356
917265
147441
549097
607998
496341
570831
683692
678699
423325
212455
792601
651622
868949
593274
911677
824283
187171
954469
154907
557765
930841
948304
970588
494530
957378
351624
883718
825904
693152
732985
839117
176796
636966
624648
208366
786292
659464
712056
253486
855062
525084
254411
199376
207658
449607
307316
992920
917338
218537
512717
459296
861141
393895
217478
972005
874285
799587
143514
449258
859781
312498
201989
357879
804451
497550
718552
933305
469129
690856
829836
674057
411888
435866
666670
326842
663183
715796
576923
173003
924442
997559
915860
606187
205687
684582
933401
555990
890478
270611
752543
616308
616747
531537
349503
136246
887647
556473
983176
735795
353347
527108
349275
731475
484284
409441
893358
699491
530698
158076
357447
614934
211700
461512
211256
594028
605657
506049
715851
818875
430776
762348
523912
773701
901077
911278
921543
264084
926675
971607
402675
315973
519471
316383
753810
463378
730163
788934
988707
881429
170318
157267
161448
328846
518201
755045
837533
999523
861725
367578
775382
222896
133734
189644
846057
868801
869547
147123
828695
816575
307266
204856
841759
479927
859697
790847
576077
566033
777263
225635
967454
147267
781167
492932
338294
438751
299821
246357
878561
758530
531354
930792
747862
659897
268424
648994
851665
342151
294351
184816
226080
782368
897927
150438
389142
743279
772361
604210
984373
985263
509388
536153
831483
788305
725648
130920
962850
164690
363781
274328
854701
779099
828379
175512
584489
161941
465105
641792
809600
990275
769449
345186
471313
302321
105276
552741
357367
429339
170125
811028
519047
782714
581810
447406
865175
647734
245657
346368
520905
787553
960220
410418
142531
831020
234378
492732
166996
678999
473492
314036
313354
394043
564423
158544
958981
494805
962369
716222
385966
243464
695638
666215
250470
206691
273049
574805
316504
749203
446940
519430
880494
357340
930923
944396
764749
346646
526483
986777
414089
403351
568752
575969
783862
984710
759062
572577
303303
600487
367432
494826
246197
889365
120527
726404
340933
234151
897592
192437
246445
851198
810181
499772
132612
371454
144213
384001
193940
177543
319926
734855
277685
228108
276835
424139
444068
925427
817408
408597
928317
911042
427918
525457
145326
890134
986251
198700
266814
340252
256583
786525
258398
702421
667342
657475
491221
388874
937805
602949
422052
657199
131268
435338
477092
195801
741217
355676
931590
179875
232101
834741
736824
487197
269269
497086
175359
421980
293780
428624
809117
210686
575417
205728
783268
823873
736466
100820
760913
629198
639196
613549
375442
380347
324623
270027
253013
915077
641740
