139863
845077
735878
785476
622297
527074
525911
554642
264437
232571
818650
350321
223237
910631
915843
303961
754631
378482
777428
999826
611359
433230
844530
520280
669194
342259
316614
293383
891534
353110
951285
565210
915852
707716
308239
576084
359887
494053
594897
284269
763150
204041
382360
582995
163594
512569
663956
285118
248240
188677
120375
208058
862296
647276
685028
752772
279801
914449
935747
202064
599845
602632
624267
331138
379611
381824
782173
603721
405266
262958
238006
301481
522549
318844
690580
635063
448900
616214
356942
512645
529514
254956
828240
458351
413499
494210
465167
107291
981331
988562
827303
328237
581428
141295
351660
324854
953248
883225
409574
603893
369830
503079
787173
547758
649404
975567
545237
488464
439587
350326
840498
380877
511013
444561
552310
608518
280870
761749
866932
698762
974752
782002
172501
136089
764092
114496
761197
152861
218937
809585
638258
247389
453260
282295
535627
642717
114001
531971
268468
626600
528313
371760
715350
219783
981817
648222
283090
135022
429721
191441
187668
259933
996634
730933
833264
345083
398101
929634
475543
980439
142685
812924
506314
552433
621291
888247
491086
494553
544679
994918
933221
543277
514767
589373
737754
804662
103515
637043
473318
873011
368689
283435
602656
944709
775441
197645
792110
179121
922149
546365
606861
544276
919721
159229
465459
293070
946713
643789
505869
817919
786978
491863
628757
476154
157226
851328
287988
637757
251571
588213
827066
590486
349404
703983
406054
456042
851319
739643
869063
485279
661870
783378
567347
368618
819394
348718
664807
367645
621925
910667
877913
861694
641799
626731
350752
174563
942060
636853
640503
359964
886695
151774
223552
452288
657308
752754
657185
760008
130458
139010
825653
996600
253924
889348
635579
539921
343413
507426
119193
883701
240830
753001
792095
273134
341390
963503
665752
692422
595808
277724
835095
121431
100417
495557
670021
892129
793676
295620
167197
955811
596320
243379
605882
559721
345384
502811
482812
771675
583527
335218
425924
361312
275266
682257
472756
303860
825736
394480
328727
472422
775902
205067
640349
368780
242954
135236
520987
742596
261898
716229
512231
538982
568617
782479
632687
556499
431364
262342
509576
164804
838181
691135
831816
816267
276218
551874
212624
313655
949235
220175
340741
173213
952680
231793
266239
471714
804252
682313
955925
723610
615738
741058
527088
984802
452017
436171
584396
941928
384835
614528
957882
968997
873750
822540
159345
412329
381747
993182
516536
466668
173110
476189
448527
276410
408316
354347
920264
461457
413629
925109
216067
100025
986524
348519
943414
669703
129722
368237
743442
851808
408074
429876
345025
569730
262056
995311
735263
281573
620208
643623
809588
496969
104510
312402
502154
155651
547665
591872
572770
380017
538175
834057
105316
916269
739642
976419
654227
193107
403363
928191
496457
576534
417289
812808
404927
388560
211768
682064
204985
393459
780623
410758
393741
280978
716473
859969
950373
269528
438058
988443
570977
649617
893299
450375
245089
306130
966346
222109
455547
166036
751266
545698
343459
776047
789933
759136
936007
807781
793777
129348
507646
269150
579701
898000
244114
464583
426763
669825
460019
862351
303012
526532
867428
149221
773595
875744
246474
247154
726779
933818
884074
553385
601373
714426
746733
522257
630722
676095
450749
597519
232794
398684
577847
690077
756347
782538
726720
967801
951295
167306
920713
370119
935574
753254
978479
791045
800192
453238
746460
271751
749889
730770
223538
285290
636934
671587
437024
405368
739232
140553
204229
108967
649816
564489
803012
598536
402530
303312
684663
543748
105789
533625
291034
112543
132846
495560
997652
509383
727527
151301
228657
799625
480864
916396
129487
674756
429979
636506
190169
588361
681698
262383
666979
211388
190106
395683
736392
507420
443446
901892
254750
256458
451336
894736
701175
789078
452790
785026
418914
294881
331528
539622
985217
438702
655639
764321
914982
608552
369922
148095
752226
705320
872486
715578
822606
463212
915051
375471
573825
888315
717851
500543
707456
665292
815689
312338
954084
794722
957180
810252
782691
848340
632776
938234
675568
498101
263368
171575
311554
605755
795374
980494
646055
343173
397869
587903
736189
458172
423751
732500
221325
417806
207695
405458
597211
859553
120137
508645
510900
601894
887246
383327
368911
539913
332085
760693
795889
530831
579559
370725
814579
935476
582580
283337
913314
744930
944278
377229
419900
494659
368596
267891
754419
200222
474913
879945
714318
287386
208702
930353
987095
417152
117211
441454
548951
919208
263441
394072
996800
896814
262089
131051
180871
246102
939581
607317
550893
732514
809132
871826
959058
421569
264203
546567
947368
580357
783882
233420
836170
200939
728087
530313
686572
306831
640294
411058
363829
734447
121153
437813
399567
194353
166778
734911
100716
950462
635474
935945
259396
760578
118805
539676
210727
101296
540403
659769
860011
938392
161036
141558
703036
586658
596482
541388
307923
477106
142520
838283
402203
430368
204664
236137
140768
215804
448116
615204
363629
532832
449218
415286
955156
164295
777923
842664
746034
638516
981560
835748
217162
204874
763007
672836
276766
404172
461587
317290
628050
494069
634755
876506
630588
568462
900650
396004
599494
826059
451970
609598
380338
831425
822115
917571
697000
676396
443828
687054
836974
369095
540430
410272
126283
780581
957022
301802
439346
862413
891795
715665
601884
803527
602418
105910
853922
731947
735223
220185
736190
791149
169150
132548
668856
690789
207151
658368
779106
682981
826174
885059
661927
800731
998460
229876
466210
900823
675344
309985
684814
337789
586653
291866
149954
781511
606601
408225
278303
681055
520320
640291
258959
735555
285017
857328
380223
631462
463239
942454
727267
250590
458950
205597
920272
643043
535817
578168
357455
744045
556008
116278
382846
104823
986298
215312
211784
892750
465707
823872
445477
418930
719466
760416
147129
387944
590416
355601
350280
725140
426203
258793
341421
762393
534083
763105
658082
647523
251980
799005
102328
916026
693742
911587
249346
988811
444378
772879
109114
689067
221334
562423
519325
384527
170570
945795
736196
511381
570973
672293
591333
817373
368984
105400
863768
966655
958981
152755
845113
925777
421785
397500
850456
581846
521474
996552
217882
721336
585042
470988
221372
451651
963847
884790
916962
179230
149850
582479
726733
420686
837957
297025
986941
111047
334283
168167
992996
934470
931205
881049
995938
481308
337921
838193
681551
967165
801307
681010
682922
115268
740467
796490
607689
842460
809152
502867
163072
695763
984113
811207
789878
549066
993391
530086
846175
961589
237549
838735
788497
620595
841121
841922
958832
675931
396971
401533
697917
355918
567109
708096
353340
741846
867174
441387
294302
598547
586484
428513
529385
180240
788752
949549
846726
436695
636298
698761
738134
658958
310757
497344
952466
112892
103435
614736
896973
314556
197202
115309
441839
602795
230878
209312
279371
392708
265247
490084
344987
979755
509775
139106
157089
926807
327730
289652
342009
923891
171396
487884
823178
585134
795209
415884
191897
104222
907367
154748
460309
747552
534538
260130
794695
769304
978725
826832
558322
270004
162256
217521
793034
914960
932917
190921
529704
320364
914851
806705
445406
690963
590412
932517
735910
840269
570641
257720
525450
390279
202821
471150
229355
129050
711113
961201
177712
976698
280917
382514
800939
173232
172353
926340
940810
728389
681672
452196
590437
618722
425914
587993
636188
968747
953278
287611
292688
574096
706200
642549
215128
724388
830485
475913
462266
786725
273772
205078
681723
674161
591738
493951
936100
550563
294487
598027
252122
316919
501240
798191
354419
439785
260078
512654
873786
955604
278071
207285
399516
831922
650134
499973
620892
423473
928799
521609
268655
100371
711191
299423
428922
844404
839547
476331
445908
531148
331580
699811
335701
905636
299385
913456
803799
633630
762085
156055
846042
479433
724049
474769
101773
639973
966316
890031
480713
586695
734978
301423
730702
748044
804416
609363
513938
997298
521004
462752
613072
466835
281009
487543
200375
549823
300678
900507
302890
528404
295064
460890
216184
227100
187986
154150
245814
303841
453467
222051
456842
873735
531661
100194
333099
674761
552435
943738
927443
440129
975813
718983
142365
109990
663809
715078
906748
444826
299086
669589
632483
816243
718396
261294
967737
873743
251793
185216
795562
236050
407151
896107
158207
605035
400594
528103
428702
420625
146997
443729
154875
593434
962704
352896
518426
190811
202306
636810
887656
207623
781020
408822
824300
746512
938233
764087
870834
975162
926914
834328
178211
535000
799499
242944
728746
376776
189030
742072
310861
827031
490233
259987
312967
787562
570235
853649
570972
560960
978244
163162
716446
688910
718294
575920
100609
336103
224855
736403
841737
785569
722958
485349
474647
594872
547805
191983
714477
248487
404940
913931
787945
933409
663072
558899
847881
524129
114105
943924
596275
810909
838542
350130
369235
945089
358485
373919
368767
890329
574458
789741
132319
956830
784657
405499
478992
981869
817251
196646
630229
140165
348234
538099
550668
405600
320291
253438
994905
932391
958663
143009
688248
235409
394929
785553
989457
242039
665409
182873
428308
128942
785020
269501
343592
697264
804474
454222
579596
371088
321702
774744
500213
484279
866392
476494
934632
126633
482998
562594
538557
894508
779942
722292
696685
332273
153165
676849
744892
862373
284479
771458
221974
678594
293456
728632
874617
394792
370117
830433
699626
423421
147828
874616
887743
653278
294091
409086
114793
593374
176717
168764
335549
722277
223752
820458
375441
511299
158512
819962
699435
332970
456647
466990
431135
580957
468703
703125
947259
326467
427910
734686
405685
916404
782174
987130
177776
190978
624807
348240
349203
247569
625567
650332
942472
960693
813947
496857
292023
548411
129989
677526
890406
822193
935382
770357
392057
382417
540911
551064
458648
145448
872864
488872
308642
571220
706147
593728
499755
807812
603042
447315
788588
185495
805349
408826
746280
340088
270326
284745
401679
825550
468812
958991
441405
679368
776781
441138
452270
890397
604898
400855
841824
877680
203079
903306
990123
859334
580898
513970
761117
752566
903717
296425
619408
379372
570063
204234
278813
218391
488100
242541
571248
845520
606227
349373
763308
401656
912623
288346
352205
131561
141005
965494
623173
424288
522159
976740
731123
119106
145758
894195
140139
472355
187400
165270
649481
812503
466677
157776
590686
263070
986640
884395
271129
743064
445079
329970
112024
914544
893375
327048
311797
489194
847231
690263
269777
485131
404087
237794
122891
717305
554300
591817
611040
419745
562342
272158
647405
319670
417633
825724
835464
803770
634173
798908
118277
345289
414017
566435
309373
116918
498719
515953
289273
360892
500885
918766
777683
945098
472185
358601
683103
985915
366243
885864
756583
919673
285585
901844
659268
526490
936422
512253
135522
477466
102678
189206
534359
774607
647780
392175
942896
904761
553130
515597
554451
624807
770863
603376
889350
127739
862141
368736
576600
912877
648047
948197
800388
977213
879684
570109
609835
446848
452389
996828
596379
298084
384437
762095
275615
743684
155438
388683
783166
378075
781788
352947
469147
799566
601312
420073
520466
308246
237615
241066
315786
813379
830115
418684
905889
365212
989083
590949
597509
119164
919094
789917
738635
873179
883230
414680
131617
354951
641855
363883
335515
155600
858547
745314
920584
503029
797143
600826
631153
671145
245491
736632
488374
515289
646262
645920
463137
575598
735259
686772
190620
381734
761514
736375
752970
483824
609538
160375
995985
768108
524707
197599
466334
774156
761018
134104
411148
431090
636947
472660
738523
347295
191575
443403
750537
153896
713734
497111
488017
616020
927754
637178
933327
860446
108989
399181
982195
500573
179801
756371
789037
719774
797660
693206
540269
743574
802747
830465
423701
836546
276998
672889
743136
536905
963136
572395
116674
954365
822996
288715
902127
460541
696287
278804
558451
932549
675944
286737
967158
941706
910810
457151
579507
649605
119877
793649
531325
886284
180420
965919
157273
844747
798111
516311
125887
976482
668948
474491
731556
535403
654155
323468
145144
444597
119471
188830
852053
567026
283101
942406
900678
485226
300200
429825
617001
884202
654388
991113
116939
381813
946112
553356
124645
397945
345321
448383
158085
345166
134954
170088
166133
300695
297638
528974
206112
643215
942539
618738
285801
997586
953516
308211
636271
926941
971584
812811
690942
211046
497186
873719
591053
138571
236473
173074
166193
260423
612888
684567
256491
723301
806241
605965
626079
233486
148976
564066
964795
137765
847172
199178
826796
429169
834558
225957
627641
805729
769546
685744
871056
970754
485178
343543
663103
145249
349772
348965
171782
564822
209380
840447
119027
975099
344757
983436
911609
169099
475548
188500
608543
760009
391389
644110
525550
322114
808087
472345
313389
180547
831883
444843
854499
172139
968906
361715
929002
863153
402472
419075
384221
986508
857756
366578
823132
597755
440194
300534
362788
247439
342246
178246
302747
152735
758132
810253
999529
169732
455198
474466
661124
104264
509986
815391
454472
544535
415315
893964
388052
172987
669427
441216
525133
901732
236329
996081
737806
476782
816531
533280
257375
955146
768855
469392
222062
254602
910860
150388
693291
137124
596829
811333
404736
310881
930573
583147
810601
522432
837056
746007
431545
757954
628214
856488
781208
310741
556608
149182
599597
859758
532914
351489
781239
181832
179771
542884
362391
505296
781914
700269
891178
885238
443531
301220
187385
160518
341709
590285
277794
764786
816890
808265
859989
654286
502794
616049
594144
624851
132833
688158
538216
308564
553359
509516
180504
487595
967578
472476
150509
389791
142827
160770
812368
857084
589971
255976
473934
874431
358382
221634
173498
550031
445655
743231
789355
528611
386721
678829
617258
989279
899128
219131
285248
870853
562859
473789
310898
461062
498596
545254
773608
835391
498235
846016
957520
944529
746547
191618
917024
164168
330188
781265
172156
112318
795001
973977
503679
582990
879108
911255
658794
955294
556926
827341
488251
843368
435317
902473
393834
662057
943857
664028
242851
365635
649525
809505
938627
319384
126055
246107
360183
583249
422008
635427
656600
719425
488949
465878
560989
361742
443638
498547
473598
173956
138020
586373
336426
584228
256300
763011
900069
876659
802613
872788
957998
616976
140311
626293
226502
990092
957784
767239
619021
266834
296714
714619
609965
633467
216452
480766
134452
850130
408590
198526
595535
456135
925520
590508
519795
800068
354612
362755
741330
209140
525402
583242
519097
186986
622736
670309
213433
254338
447971
339195
409839
267020
867042
559343
684433
147508
483938
128335
966938
352737
244810
106307
860597
466483
508879
341979
274473
862493
855511
923847
961844
765678
776008
550647
389585
964126
241666
275423
770247
854649
172837
950862
896649
338462
670458
138101
965810
320324
923181
793854
869394
975772
208990
327202
455279
892958
956640
477801
452277
111791
590435
915854
977417
932325
168817
670019
199320
803207
380748
550764
112366
925081
175671
441775
543908
328904
757778
453357
476107
397908
428838
997216
782160
795303
579123
803419
813545
263962
218243
291598
934075
764033
493685
808145
826980
423312
459254
379696
175464
203244
362636
573432
417069
626938
464416
342835
806355
434793
319644
331142
481741
707269
826902
146299
948950
902687
100586
215424
348767
828205
779088
383171
205178
557718
653324
584960
456135
713783
189248
731986
170794
376880
473061
346917
251315
828213
989704
341013
847508
249979
101541
540427
898874
484085
900236
163595
226435
943092
357389
176151
672469
322301
634983
432016
758870
809199
397304
252160
374041
768261
968196
170674
737177
744752
836090
183471
404164
141287
469933
738396
486760
705199
617628
703786
146357
480977
834336
233329
126334
711512
987780
261410
520096
607504
942975
864355
401543
479965
199071
966615
310929
932141
209686
520498
982684
283105
856723
734312
286219
892818
189369
594113
643781
342667
673771
865653
704790
723693
717688
285827
799425
749966
989005
110237
617844
251186
138597
179316
875659
303811
273130
331815
638311
498154
312711
880672
666306
795916
495953
230255
117801
222032
245395
381658
223938
134101
958594
615099
438324
742158
332935
418367
459612
614215
522924
216790
190863
465801
876497
962910
164456
965872
277377
612055
256110
952900
315430
124681
180045
508734
729686
102754
933204
464773
780049
907473
351116
267860
857747
683039
185568
960068
930162
964643
419112
368138
352312
944737
562998
428140
865205
441869
157656
426676
547844
953994
350645
772739
326619
288379
632273
528831
503640
247888
171197
364779
554717
513519
727360
618955
205551
367079
830822
375631
845550
372573
905460
850670
297349
431659
524288
592172
735894
393447
685569
311240
636301
413085
269336
387965
569427
609704
713796
673921
217138
925748
259258
611363
825129
916545
378050
943928
229526
396803
404849
367072
179366
460099
294792
277449
693474
591113
610081
334708
982958
226430
480913
533522
367899
871433
448805
611062
582211
507914
405802
606399
621750
628104
804031
665344
458673
658493
464569
682413
580284
961153
346142
775839
682395
796594
451436
315548
418863
666818
864350
104867
634726
219412
902982
700750
722836
992865
976807
401102
490667
980262
627705
313396
805742
618939
271911
865535
508083
353329
558898
258144
330489
131832
611964
395432
257830
299247
319912
519301
316522
505295
136132
598772
961133
444347
661729
593542
971915
448675
143743
994937
790596
914032
730380
787518
317520
514213
391739
458938
868686
452185
796094
801044
311238
614057
188335
578866
931572
986354
868437
854440
139515
934752
279791
499589
261741
974405
755201
509815
476544
421616
241407
965474
151420
962381
502864
804788
644364
988054
176323
551849
794406
309790
893545
889871
608141
796377
615467
865574
812140
646485
867444
580166
930079
507676
440203
778011
787764
837532
722237
527121
973587
192198
504478
782478
934564
288855
800381
699391
882476
912214
649371
901506
167694
534181
419026
774158
697446
313329
660852
215461
635292
401403
857251
168794
282520
931757
461886
847713
700699
154010
839902
135651
829886
612192
811820
129022
556783
100077
681372
178636
369966
576812
808374
717327
828561
712036
566230
511075
548096
316457
850533
298034
539733
451728
383651
683892
871877
830393
126264
822274
163632
607106
152566
547815
696795
895892
935446
920295
780102
556082
293541
914992
507899
754920
958615
956465
106982
196916
440677
936464
333912
657667
109160
966206
645951
963675
905867
666052
595049
181655
378078
447131
223733
145180
335028
390606
295990
851293
801232
184521
509642
201257
540210
140839
345302
399294
552399
395335
461298
627234
534762
216875
455802
862100
960105
246225
388809
199630
523282
394536
733188
137791
487969
722083
652771
377092
831800
975841
514998
921593
312379
112637
526659
101633
292258
329502
796959
489048
337730
514010
911542
737814
814462
110084
500609
722289
687108
323529
163394
439510
650262
488208
533898
511333
885554
835595
754084
716783
721169
288556
250225
770907
128655
362257
727143
477462
606420
961178
976299
894818
190653
809696
756081
258002
916796
676038
705631
294623
763580
500781
206994
812082
723412
612915
853985
991685
545598
943730
515261
191812
410037
994777
608920
481136
163739
565899
151461
876544
547543
867512
646717
616005
898233
579107
795357
793370
493225
943032
650181
722849
366741
660700
470337
376518
621055
862834
558728
736444
852160
170054
440634
164399
315130
371491
954719
965045
620769
167034
616462
706410
754378
673471
642870
741312
641557
914142
858290
781515
748786
310010
899536
956430
269514
122609
864865
150227
812007
255133
407887
929072
991460
223527
260387
170694
751369
360085
117288
277896
351354
960734
698736
489189
449461
468482
212029
853320
129028
355923
799111
328760
525439
460829
597708
614065
984935
482228
415986
178593
493225
106030
817442
514869
904771
752958
408550
337460
204384
674784
116241
363849
704861
450265
957681
747798
437461
319594
798690
618009
943941
109168
718297
943819
852453
909633
138133
375374
535329
810830
223664
751328
283050
659509
832696
429297
412005
765830
234723
148695
853753
560721
158738
241661
427665
965282
535848
883699
841333
999867
748124
774938
840326
663651
756681
886710
165998
636714
876927
161237
740033
178636
334588
498410
965906
760672
186679
827023
356985
305621
662251
644226
630427
862741
676855
267259
860388
675366
274901
967241
911329
356421
506314
594756
806218
856837
313741
789498
210646
750535
380976
113281
959108
125458
337399
811774
224883
522535
457065
269866
163659
791091
457551
641019
817016
473061
390138
182025
779618
711376
540237
876991
709348
645111
371906
932580
479633
662105
179248
248812
279441
594352
681208
197365
858180
262138
972101
448222
178900
989505
492750
658330
127145
962854
314002
535605
388254
322181
765861
472605
644622
467990
808134
618118
928017
956036
982885
116270
235561
364869
975768
119875
536544
330608
964103
286121
618991
198154
190106
579776
803549
799852
599134
807770
690081
820339
481859
543289
849505
134832
137502
223916
568829
736795
146024
415800
599885
402931
383395
276526
336917
768599
461308
802905
390858
887131
578458
318193
432745
914818
901966
807213
722057
320780
761137
363969
225290
457173
322568
309498
507453
542798
528394
107877
603522
979948
636639
343595
770172
226216
995064
425842
724777
392452
349143
218183
375454
362077
251138
158231
913114
447333
969258
693644
996083
373241
770716
557431
533710
970579
550856
674193
699511
337380
412609
900417
315428
108551
400017
426021
742788
756253
661354
558925
251503
685555
525034
916943
174115
147793
686391
650197
489374
591615
856456
420622
483664
607685
582958
650183
562928
549804
615400
487531
869285
583343
536903
737638
225240
113064
176387
371954
423258
823294
456097
381772
512964
227136
981717
775899
928494
999691
470800
999363
155119
297414
154114
237392
951179
470414
434403
537371
363344
687913
580008
521948
327219
282344
630066
686713
121496
562714
594142
570431
699379
520499
101969
897949
215205
933287
805642
524137
179041
999667
396022
684810
610819
353745
554178
447502
412870
950808
207904
461613
160651
420570
666632
497366
218841
139310
467532
425351
308353
528944
307767
946683
909635
793635
406160
768210
173839
408981
832098
409255
734474
618497
894198
853777
681628
785443
334336
510134
870373
636892
326670
817853
147025
920902
294481
333136
728398
163993
585277
596776
303226
835775
272076
125415
137753
945447
599314
201484
849378
977466
113985
207556
209859
444701
295534
538023
741704
791876
120617
543883
880197
425368
743536
257665
976370
155625
310488
153498
653559
356736
540557
413104
368941
795477
394882
532081
304181
560667
491782
363416
739259
376997
598714
571631
705071
733046
252136
606761
856536
673629
402613
703075
582601
447771
145555
871846
229368
677180
357105
941074
774388
784332
410250
129047
644320
354793
404607
676562
755409
107202
136566
828734
916893
837690
855446
766192
513059
511717
485418
457972
864912
600821
579120
294021
952789
201597
319117
756272
518025
178927
967086
660953
309147
392968
765812
973919
383300
944037
611155
477622
237203
966236
207431
311232
744733
804275
686742
794555
690921
928616
807856
784190
467111
338208
233487
248177
732243
745255
740528
143827
508975
348808
315545
452578
474057
408344
889097
131709
236402
261794
931771
747167
909063
238044
395738
995869
224253
763987
447082
279232
955393
274658
490120
994267
783768
778947
706089
346650
453841
138049
766350
222743
156238
826250
972234
457247
268982
703032
814576
880707
155396
985140
417362
546648
581460
342707
994771
565362
893701
346231
876159
372606
633775
135661
664880
443006
993873
782020
875302
533927
146014
338056
564482
320250
841981
222913
193039
871169
677759
916715
538782
232201
794685
902221
830271
759650
524399
647943
356897
387690
832984
872595
533535
771592
601234
481678
729197
998170
546008
175853
536965
655222
555605
450290
742081
229860
122929
932591
884222
214356
623384
517054
776361
620956
958720
836579
768164
908823
278765
519467
209355
886291
149909
296175
842131
459233
897822
735468
389187
844720
279817
262869
341406
371067
850214
379083
488291
714363
611784
635093
807307
418335
395975
769040
705037
428742
281228
145131
411787
623702
269190
472331
462618
944087
889455
911417
739712
213957
493931
161354
136630
538869
741833
926995
188033
977515
340622
887195
505507
869873
507503
722357
573992
243245
117505
636485
172653
652424
501018
302791
356748
434033
269162
780395
577767
111076
329869
947786
475712
773631
335414
348476
783763
294176
685652
122200
495712
149503
782638
403395
279924
184211
185931
596393
772325
505111
649043
920710
504536
418279
552413
435198
635360
758328
145697
454852
547563
164310
218060
918423
365054
671667
974236
786865
783476
481803
935803
479823
506933
454603
583035
717412
997323
771321
512374
173456
283252
252890
209662
499481
580185
894136
780735
964286
436214
362828
767086
224553
373418
463663
757056
930063
109025
703145
499383
339815
584336
225196
142607
347526
662962
772722
276331
320799
981409
148145
364426
509348
809572
182736
931212
162534
674157
145816
307683
505941
823395
273474
111143
729120
900989
678195
758797
778055
