179
13
203
114
255
67
0
128
208
56
255
96
65
255
228
43
246
61
34
255
127
211
195
0
26
138
86
255
255
131
110
53
52
248
45
222
255
80
18
248
63
200
137
0
208
31
159
95
75
255
221
44
245
255
198
66
112
1
236
90
139
15
100
255
59
0
139
208
0
140
28
80
255
226
1
113
61
42
255
124
200
34
0
180
170
0
195
211
127
255
189
63
248
18
89
91
0
115
151
188
255
112
123
45
0
166
243
6
103
230
0
122
255
100
255
241
43
237
82
19
244
255
100
246
255
129
143
0
145
21
90
255
61
33
250
52
217
106
141
255
172
0
189
149
106
217
62
121
0
0
158
248
11
90
255
101
250
135
195
255
109
1
236
168
167
227
115
255
213
0
128
52
0
161
121
224
255
67
179
255
127
39
255
121
220
175
74
255
218
115
255
47
118
255
33
60
255
111
223
255
103
247
143
0
155
4
7
222
255
85
139
15
100
255
100
246
246
100
255
100
15
148
0
185
230
5
204
213
0
134
45
0
173
95
0
107
70
33
255
129
210
186
147
255
171
0
152
19
0
193
107
251
241
101
255
93
0
104
159
25
255
133
0
213
255
115
227
167
168
236
1
115
217
51
255
241
101
255
114
203
20
0
41
197
128
255
198
0
151
255
163
167
226
116
255
51
42
250
48
225
105
0
31
145
0
0
124
151
137
62
255
244
19
78
255
217
116
255
100
255
122
0
220
255
110
224
255
72
134
130
255
49
0
135
35
70
255
80
18
248
63
189
255
127
211
195
0
160
255
160
137
53
246
255
42
61
116
0
85
90
161
255
152
0
196
255
127
210
185
150
249
12
96
80
25
250
51
42
255
114
0
84
99
0
105
159
31
208
0
129
255
180
150
240
106
255
65
97
255
50
53
120
0
229
186
0
21
248
156
143
3
122
255
111
108
0
15
232
255
65
106
149
32
253
255
114
0
80
121
203
10
97