==========================================================================================================================================
Wireless LAN Statistics - suspicious_traffic.pcap:
BSSID  Channel  SSID  Percent Packets  Percent Retry  Retry  Beacons  Data Pkts  Probe Reqs  Probe Resp  Auths  Deauths  Other  Protection
------------------------------------------------------------------------------------------------------------------------------------------
22:9e:6f:47:64:b2        9  Vodafone-G32K        23.711340       3.804348     14      329          0           0          38      0        0      1            
46:3f:8c:85:71:1a        8  <Broadcast>         0.128866       0.000000      0        2          0           0           0      0        0      0            
8c:04:ff:72:ed:4e        6  UPC8065190        48.067010       0.134048      1      362        368           1           5      2        0      8  Unknown   
90:17:3f:20:8d:57        8  DIGI-5l1F         0.451031       0.000000      0        7          0           0           0      0        0      0            
98:44:ce:85:d2:d2        7  DIGI-1Q3W         2.061856       0.000000      0       29          0           0           3      0        0      0            
9c:6f:52:2e:b1:2f        8  Telekom-u4B0cM         0.193299      33.333333      1        2          0           0           1      0        0      0            
b8:dd:71:97:1f:64        9  DIGI_gkki02         0.128866       0.000000      0        2          0           0           0      0        0      0            
b8:dd:71:ee:00:0b        6  DIGI_gkki83         6.443299       0.000000      0       89          0           0          11      0        0      0            
c0:f6:ec:8d:bd:66        7  HUAWEI-2.4G-9RD2         1.030928       0.000000      0       15          0           0           1      0        0      0            
e8:65:d4:2b:d4:db        5  Micella Network         8.376289       0.000000      0      130          0           0           0      0        0      0            
ff:ff:ff:ff:ff:ff        6  <Broadcast>         7.667526       0.000000      0        0          0         119           0      0        0      0            
ff:ff:ff:ff:ff:ff        5  GEPESZ-MOBIL         0.837629       0.000000      0        0          0          13           0      0        0      0            
ff:ff:ff:ff:ff:ff        5  Brutal         0.644330       0.000000      0        0          0          10           0      0        0      0            
ff:ff:ff:ff:ff:ff        6  ARRIS-4H3D         0.257732       0.000000      0        0          0           4           0      0        0      0            
------------------------------------------------------------------------------------------------------------------------------------------
